50 50
59 55
68 60
77 65
86 70
95 75
104 80
114 80
124 80
134 80
144 80
154 80
164 80
174 80
184 80
194 80
199 89
199 99
199 109
199 119
199 129
199 139
199 149
199 159
199 169
199 179
199 189
199 199
199 209
199 219
199 229
199 239
199 249
199 259
199 269
199 279
199 289
199 299
199 309
199 319
199 329
204 338
209 347
214 356
219 365
224 374
229 383
234 392
239 401
244 410
253 415
262 420
272 420
282 420
292 420
302 420
312 420
322 420
332 420
342 420
352 420
362 420
371 415
376 406
381 397
386 388
391 379
396 370
401 361
401 351
401 341
401 331
401 321
401 311
401 301
401 291
401 281
401 271
401 261
401 251
401 241
401 231
401 221
401 211
401 201
401 191
401 181
401 171
401 161
401 151
401 141
401 131
401 121
401 111
401 101
401 91
401 81
401 71
401 61
401 51
