0 0 
20 20 
22 23 
20 24 
23 22 
24 26 
22 27 
22 27 
25 25 
25 25 
20 28 
26 29 
23 26 
23 26 
24 30 
24 30 
26 24 
27 28 
27 28 
22 31 
22 31 
28 32 
25 29 
25 29 
25 29 
26 33 
26 33 
20 32 
28 27 
28 27 
23 30 
23 30 
29 31 
29 31 
24 20 
24 34 
24 34 
30 35 
26 28 
26 28 
27 32 
27 32 
28 36 
28 36 
22 35 
22 35 
29 26 
30 30 
30 30 
25 33 
25 33 
31 34 
26 23 
26 23 
26 37 
26 37 
32 38 
20 36 
28 31 
18 23 
23 34 
23 34 
29 35 
29 35 
24 24 
24 24 
30 39 
24 38 
24 38 
26 32 
31 29 
31 29 
27 22 
27 36 
27 36 
33 37 
33 37 
28 26 
28 26 
28 40 
34 41 
22 39 
22 39 
29 30 
30 34 
20 26 
20 26 
25 37 
25 37 
25 37 
31 38 
31 38 
26 27 
26 27 
26 41 
32 42 
32 42 
32 28 
20 40 
28 35 
28 35 
28 35 
34 36 
18 27 
18 27 
24 28 
24 28 
29 39 
27 36 
33 32 
29 39 
29 25 
29 25 
23 38 
23 38 
35 40 
35 40 
30 29 
30 29 
30 43 
24 42 
36 44 
31 33 
31 33 
21 25 
21 25 
26 36 
29 25 
26 36 
32 37 
27 26 
29 29 
27 30 
30 28 
31 32 
29 33 
29 33 
27 34 
32 31 
32 31 
33 35 
30 32 
30 32 
31 36 
31 36 
33 30 
29 37 
29 37 
34 34 
34 34 
35 38 
32 35 
32 35 
32 35 
27 38 
33 39 
33 39 
30 36 
30 36 
35 33 
35 33 
31 40 
31 40 
36 37 
36 37 
31 26 
33 34 
33 34 
34 38 
34 38 
29 41 
29 41 
35 42 
35 42 
36 32 
32 39 
32 39 
37 36 
37 36 
31 36 
37 41 
27 42 
33 43 
33 43 
31 40 
34 38 
32 39 
38 40 
38 40 
33 29 
33 29 
39 44 
35 37 
35 37 
30 40 
30 40 
36 41 
36 41 
31 30 
31 44 
37 45 
33 38 
38 35 
38 35 
34 42 
39 39 
34 28 
29 45 
29 45 
35 46 
40 43 
35 32 
35 32 
41 47 
36 36 
37 40 
37 40 
27 32 
32 43 
38 44 
38 44 
33 33 
33 33 
33 33 
33 47 
33 47 
27 46 
39 48 
39 48 
35 41 
35 41 
25 33 
30 44 
30 44 
40 38 
36 45 
36 45 
31 34 
31 34 
41 42 
36 31 
38 34 
36 35 
39 33 
40 37 
38 38 
38 38 
36 39 
41 36 
41 36 
42 40 
39 37 
39 37 
40 41 
40 41 
38 42 
38 42 
42 35 
43 39 
43 39 
44 43 
36 43 
41 40 
41 40 
41 40 
42 44 
42 44 
39 41 
39 41 
40 45 
40 45 
44 38 
44 38 
45 42 
45 42 
40 31 
46 46 
38 46 
38 46 
42 39 
42 39 
43 43 
43 43 
44 47 
44 47 
36 47 
41 44 
41 44 
42 48 
42 48 
45 37 
46 41 
46 41 
47 45 
47 45 
39 45 
39 45 
42 34 
42 34 
48 49 
40 49 
40 49 
44 42 
44 42 
45 46 
45 46 
45 46 
40 35 
40 35 
46 50 
38 50 
43 47 
43 47 
44 51 
47 40 
47 40 
48 44 
49 48 
43 33 
43 33 
41 48 
50 52 
44 37 
44 37 
36 37 
36 51 
45 41 
42 52 
46 45 
46 45 
47 49 
47 49 
42 38 
42 38 
42 38 
48 53 
48 53 
39 49 
39 49 
34 38 
44 46 
40 53 
45 50 
45 50 
40 39 
40 39 
46 54 
46 54 
48 39 
49 43 
50 47 
42 47 
37 36 
51 51 
45 36 
47 39 
45 40 
48 38 
49 42 
47 43 
47 43 
45 44 
50 41 
50 41 
51 45 
48 42 
48 42 
49 46 
49 46 
47 47 
47 47 
51 40 
45 48 
52 44 
52 44 
53 48 
50 45 
50 45 
50 45 
51 49 
51 49 
48 46 
48 46 
49 50 
49 50 
47 51 
47 51 
53 43 
53 43 
54 47 
54 47 
55 51 
49 36 
51 44 
51 44 
52 48 
52 48 
52 48 
53 52 
53 52 
45 52 
50 49 
50 49 
51 53 
51 53 
48 50 
54 42 
49 54 
49 54 
55 46 
55 46 
56 50 
57 54 
51 39 
51 39 
53 47 
53 47 
54 51 
54 51 
47 55 
47 55 
55 55 
49 40 
49 40 
51 48 
52 52 
52 52 
53 56 
45 56 
50 53 
50 53 
45 42 
51 57 
56 45 
56 45 
58 53 
58 53 
59 57 
52 38 
52 38 
53 42 
53 42 
54 46 
48 54 
48 54 
55 50 
43 43 
56 54 
56 54 
49 58 
57 58 
57 58 
51 43 
51 43 
51 43 
53 51 
53 51 
54 55 
55 59 
55 59 
49 44 
49 44 
47 59 
51 52 
51 52 
46 41 
52 56 
47 45 
53 60 
53 60 
58 48 
59 52 
60 56 
60 56 
61 60 
54 41 
56 44 
54 45 
57 43 
58 47 
56 48 
56 48 
54 49 
59 46 
59 46 
60 50 
57 47 
57 47 
58 51 
58 51 
56 52 
56 52 
54 53 
60 45 
61 49 
61 49 
62 53 
59 50 
59 50 
59 50 
60 54 
60 54 
57 51 
57 51 
58 55 
58 55 
56 56 
56 56 
54 57 
62 48 
62 48 
63 52 
63 52 
64 56 
58 41 
60 49 
60 49 
61 53 
61 53 
62 57 
62 57 
59 54 
59 54 
60 58 
60 58 
57 55 
57 55 
58 59 
58 59 
56 60 
56 60 
64 51 
64 51 
65 55 
65 55 
63 47 
66 59 
60 44 
60 44 
62 52 
63 56 
63 56 
63 56 
64 60 
58 45 
58 45 
60 53 
61 57 
61 57 
61 57 
62 61 
59 58 
59 58 
59 58 
60 62 
60 62 
54 47 
57 59 
58 63 
52 48 
66 54 
67 58 
65 50 
65 50 
68 62 
62 47 
62 47 
63 51 
61 43 
64 55 
65 59 
65 59 
66 63 
66 63 
60 48 
62 51 
60 52 
63 50 
64 54 
62 55 
62 55 
60 56 
65 53 
65 53 
66 57 
63 54 
63 54 
64 58 
64 58 
62 59 
67 56 
67 56 
68 60 
66 52 
65 57 
65 57 
65 57 
66 61 
66 61 
63 58 
64 62 
64 62 
62 63 
70 63 
69 59 
69 59 
68 55 
68 55 
66 56 
66 56 
67 60 
67 60 
67 60 
64 48 
68 64 
68 64 
65 61 
65 61 
65 61 
66 65 
66 65 
63 62 
64 66 
64 66 
62 67 
72 66 
71 62 
71 62 
70 58 
69 54 
68 59 
68 59 
69 63 
66 51 
66 51 
70 67 
64 52 
64 52 
66 60 
67 64 
67 64 
68 68 
65 65 
65 65 
66 69 
60 54 
63 66 
64 70 
64 70 
58 55 
74 69 
73 65 
71 57 
62 71 
70 62 
71 66 
69 58 
72 70 
72 70 
68 54 
68 54 
67 50 
67 50 
66 55 
68 58 
66 59 
70 61 
69 57 
68 62 
72 64 
71 60 
71 60 
69 61 
70 65 
74 67 
73 63 
73 63 
72 59 
71 64 
71 64 
72 68 
72 68 
69 65 
70 69 
76 70 
75 66 
75 66 
74 62 
74 62 
74 71 
74 71 
73 67 
73 67 
73 67 
72 63 
72 63 
70 55 
71 68 
71 68 
72 72 
72 72 
69 69 
70 73 
78 73 
77 69 
77 69 
76 65 
75 61 
76 74 
75 70 
75 70 
74 66 
74 66 
72 58 
72 58 
72 67 
73 71 
70 59 
74 75 
74 75 
71 72 
72 76 
72 76 
66 61 
69 73 
70 77 
80 76 
79 72 
78 68 
77 64 
78 77 
77 73 
77 73 
76 69 
76 69 
75 65 
75 65 
74 61 
74 61 
73 57 
73 57 
74 70 
75 74 
75 74 
72 62 
72 62 
70 63 
72 71 
73 75 
73 75 
73 75 
74 79 
67 60 
68 64 
71 76 
71 76 
72 80 
69 77 
70 81 
82 79 
81 75 
80 71 
79 67 
79 67 
80 80 
80 80 
78 63 
79 76 
79 76 
78 72 
77 68 
76 64 
75 60 
77 63 
75 64 
79 66 
78 62 
77 67 
77 67 
75 68 
81 69 
80 65 
80 65 
79 70 
79 70 
78 66 
78 66 
77 71 
77 71 
75 72 
83 72 
82 68 
82 68 
81 73 
81 73 
80 69 
80 69 
80 69 
81 64 
79 74 
79 74 
78 70 
78 70 
77 75 
77 75 
75 76 
85 75 
84 71 
84 71 
83 76 
83 76 
82 72 
82 72 
82 72 
83 67 
83 67 
81 68 
81 68 
81 77 
81 77 
80 73 
80 73 
80 73 
79 60 
79 78 
79 78 
78 74 
78 74 
77 79 
77 79 
75 80 
87 78 
85 79 
85 79 
86 74 
86 74 
84 75 
84 75 
84 75 
85 70 
85 70 
83 80 
82 76 
83 71 
83 71 
82 76 
84 66 
81 72 
81 72 
81 63 
81 63 
81 81 
80 77 
80 77 
79 64 
79 64 
78 78 
78 78 
79 82 
79 82 
75 66 
73 67 
77 83 
77 83 
75 84 
89 81 
87 82 
88 77 
88 77 
86 78 
85 83 
87 73 
87 73 
85 74 
85 74 
84 79 
83 75 
84 70 
86 69 
83 84 
83 84 
82 80 
82 80 
83 66 
83 66 
81 76 
81 67 
83 70 
81 71 
85 73 
83 74 
83 74 
84 69 
81 75 
87 76 
85 77 
85 77 
86 72 
86 72 
84 73 
84 73 
83 78 
89 79 
87 80 
87 80 
88 75 
88 75 
86 76 
86 76 
86 76 
85 81 
85 81 
84 77 
87 71 
83 82 
91 82 
89 83 
89 83 
90 78 
90 78 
88 79 
88 79 
88 79 
90 78 
87 84 
87 84 
86 80 
86 80 
86 80 
87 75 
87 75 
89 74 
89 74 
85 85 
85 85 
84 81 
85 67 
83 86 
90 82 
90 82 
92 81 
92 81 
88 83 
88 83 
89 78 
89 78 
89 78 
87 79 
91 77 
91 77 
87 79 
89 78 
86 84 
86 84 
86 84 
90 73 
85 71 
85 71 
85 89 
85 89 
87 70 
87 70 
84 85 
81 73 
83 90 
79 74 
92 85 
92 85 
94 84 
94 84 
91 81 
91 81 
89 82 
93 80 
87 83 
90 77 
90 77 
92 76 
92 76 
87 74 
89 77 
87 78 
91 80 
89 81 
90 76 
91 84 
93 83 
90 80 
92 79 
92 79 
92 83 
92 83 
90 84 
94 82 
94 82 
93 78 
96 85 
93 82 
93 82 
95 81 
95 81 
91 74 
95 85 
95 85 
97 84 
97 84 
91 78 
87 80 
96 80 
93 77 
93 77 
96 84 
96 84 
91 82 
89 83 
93 81 
93 81 
98 83 
98 83 
88 79 
95 80 
95 80 
94 76 
94 76 
93 85 
95 84 
95 84 
90 82 
97 83 
88 83 
94 80 
94 80 
94 80 
96 79 
96 83 
98 82 
99 81 
99 85 
99 85 
101 84 
101 84 
102 83 
100 79 
100 83 
100 83 
102 82 
102 82 
105 85 
97 84 
103 81 
103 81 
103 85 
103 85 
103 85 
105 84 
105 84 
105 84 
93 85 
95 84 
106 83 
106 83 
99 77 
104 79 
101 80 
101 80 
104 83 
107 85 
108 83 
111 85 
111 85 
107 81 
112 83 
109 84 
110 83 
110 83 
115 85 
119 85 
118 83 
123 85 
121 85 
117 82 
120 84 
122 83 
122 83 
127 85 
115 81 
125 85 
125 85 
121 82 
121 82 
121 81 
124 84 
124 84 
126 83 
129 85 
130 83 
133 85 
133 85 
129 81 
134 83 
131 84 
132 83 
132 83 
128 80 
137 85 
141 85 
140 83 
145 85 
143 85 
139 82 
142 84 
144 83 
144 83 
137 81 
149 85 
147 85 
147 85 
143 82 
143 82 
143 81 
146 84 
146 84 
145 84 
148 83 
151 85 
152 83 
155 85 
155 85 
151 81 
153 84 
156 83 
154 83 
154 83 
150 80 
159 85 
163 85 
162 83 
167 85 
161 82 
165 85 
164 84 
159 81 
166 83 
166 83 
171 85 
165 82 
165 82 
169 85 
169 85 
165 81 
168 84 
168 84 
163 81 
163 81 
167 84 
163 85 
170 83 
173 85 
174 83 
177 85 
177 85 
173 81 
175 84 
178 83 
172 80 
176 83 
176 83 
181 85 
185 85 
184 83 
189 85 
183 82 
187 85 
191 88 
191 92 
191 96 
191 100 
191 104 
191 108 
191 112 
191 116 
191 120 
193 91 
191 124 
193 95 
193 95 
191 128 
192 87 
193 99 
193 99 
181 81 
192 91 
186 84 
191 132 
193 103 
192 95 
175 82 
170 79 
177 81 
170 83 
165 84 
164 80 
164 80 
168 83 
168 83 
175 85 
159 85 
166 83 
169 82 
172 84 
169 82 
160 80 
157 85 
153 82 
153 82 
163 79 
167 82 
167 82 
148 79 
162 79 
162 79 
155 81 
155 81 
155 81 
158 80 
169 81 
173 85 
157 84 
160 83 
167 81 
167 81 
159 79 
171 84 
166 81 
174 83 
161 78 
161 78 
158 83 
161 85 
162 83 
161 81 
160 80 
193 107 
193 107 
191 136 
192 99 
193 111 
193 111 
191 140 
192 103 
193 115 
192 107 
154 80 
154 80 
168 80 
156 79 
154 79 
157 78 
173 82 
176 84 
177 82 
157 82 
164 80 
167 79 
172 83 
175 85 
176 83 
159 77 
156 82 
152 79 
171 82 
159 81 
159 81 
166 79 
166 79 
162 80 
159 85 
170 82 
172 84 
168 79 
159 85 
157 81 
153 78 
153 78 
167 78 
163 79 
171 81 
148 83 
165 78 
165 78 
141 81 
141 81 
169 81 
169 81 
168 80 
160 79 
156 80 
152 77 
163 78 
153 85 
146 83 
146 83 
142 80 
142 80 
165 77 
147 78 
161 78 
154 80 
161 82 
147 82 
147 82 
168 80 
137 85 
152 80 
148 77 
155 79 
162 77 
166 80 
145 82 
145 82 
141 79 
138 80 
150 76 
147 81 
147 81 
140 79 
135 85 
131 82 
131 82 
136 80 
149 84 
150 84 
133 81 
133 81 
152 83 
151 85 
140 79 
133 81 
145 81 
126 79 
144 81 
138 83 
160 76 
135 84 
137 79 
146 80 
146 80 
139 78 
139 78 
155 81 
158 80 
149 78 
151 77 
136 83 
136 83 
132 80 
132 80 
164 78 
134 79 
146 79 
149 82 
142 80 
145 79 
166 77 
135 78 
148 82 
132 79 
144 79 
161 78 
163 77 
135 82 
137 77 
140 80 
137 81 
156 79 
154 79 
134 82 
149 81 
145 78 
130 79 
141 79 
135 81 
168 75 
147 81 
164 76 
131 78 
131 78 
143 78 
164 80 
136 80 
151 75 
133 81 
141 78 
143 77 
134 80 
126 83 
146 80 
171 77 
123 84 
130 77 
139 78 
127 78 
131 85 
119 81 
119 81 
141 77 
129 77 
158 80 
124 83 
124 83 
140 77 
149 74 
134 79 
120 80 
120 80 
125 78 
125 82 
125 82 
130 80 
151 77 
122 83 
126 77 
132 79 
128 76 
123 82 
123 82 
125 81 
125 81 
119 79 
115 85 
141 75 
106 80 
116 80 
130 83 
118 79 
118 79 
131 78 
143 78 
123 81 
113 85 
133 77 
136 80 
114 80 
122 81 
109 82 
124 80 
124 80 
144 77 
111 81 
111 81 
138 79 
116 83 
115 79 
129 82 
111 85 
190 87 
191 144 
193 119 
193 119 
192 111 
190 91 
193 123 
193 123 
191 148 
192 115 
190 95 
193 127 
195 94 
191 152 
190 99 
192 119 
195 98 
195 98 
193 131 
193 131 
190 103 
188 83 
188 83 
192 123 
194 90 
194 90 
191 156 
195 102 
193 135 
193 135 
190 107 
194 94 
194 94 
194 94 
192 127 
195 106 
195 106 
191 160 
194 98 
194 98 
193 139 
195 110 
192 131 
173 82 
194 102 
194 102 
193 143 
194 106 
194 106 
195 118 
194 110 
194 110 
194 114 
194 118 
194 122 
191 94 
180 84 
180 84 
194 126 
175 81 
191 98 
196 93 
194 130 
194 130 
190 111 
195 110 
194 102 
193 143 
190 115 
191 164 
192 135 
190 119 
190 90 
196 97 
196 93 
195 89 
190 94 
190 94 
194 134 
191 106 
195 93 
196 105 
190 98 
195 97 
196 109 
196 113 
196 117 
196 121 
196 125 
196 129 
196 133 
196 137 
196 141 
196 145 
198 112 
198 116 
198 116 
196 149 
198 120 
198 120 
196 153 
198 124 
198 124 
198 128 
139 74 
117 78 
117 78 
113 84 
104 79 
124 79 
114 83 
114 83 
127 82 
128 84 
119 85 
123 79 
110 80 
120 80 
122 79 
127 77 
127 81 
115 77 
129 85 
111 81 
112 79 
113 78 
123 78 
118 80 
110 79 
113 82 
115 81 
133 78 
125 81 
112 82 
119 79 
121 78 
173 74 
108 79 
168 71 
113 81 
109 78 
119 78 
114 80 
121 77 
116 79 
111 81 
131 81 
112 80 
104 83 
106 82 
106 82 
120 76 
109 85 
105 78 
107 77 
101 84 
101 84 
112 79 
103 83 
102 79 
108 79 
102 79 
107 81 
107 81 
171 82 
102 83 
102 83 
98 76 
104 82 
104 82 
108 80 
173 81 
97 85 
92 83 
110 79 
99 84 
125 77 
105 81 
119 75 
116 76 
101 78 
103 77 
103 77 
170 81 
95 85 
99 83 
101 82 
103 81 
103 81 
105 80 
105 80 
108 83 
172 80 
114 76 
96 75 
105 84 
106 79 
110 83 
102 76 
104 75 
107 77 
122 76 
96 83 
98 82 
103 84 
102 80 
105 80 
124 75 
104 79 
107 82 
159 82 
165 78 
132 75 
140 79 
118 77 
93 84 
102 75 
104 78 
110 75 
100 75 
94 82 
100 79 
112 78 
171 71 
102 78 
101 74 
167 78 
106 76 
113 77 
103 77 
103 77 
168 67 
107 75 
90 83 
99 85 
91 82 
109 84 
107 81 
98 83 
149 82 
104 80 
151 81 
96 79 
96 79 
99 82 
97 74 
99 73 
94 84 
94 84 
96 83 
96 83 
91 81 
98 82 
98 82 
86 79 
97 78 
99 77 
101 76 
93 84 
88 82 
100 85 
100 85 
96 83 
97 78 
97 82 
97 82 
148 81 
99 81 
90 72 
95 74 
100 76 
102 75 
105 78 
150 80 
90 85 
94 83 
89 81 
89 81 
87 82 
95 78 
92 75 
97 77 
100 80 
91 84 
91 84 
89 85 
92 79 
92 79 
97 81 
94 78 
93 74 
98 76 
98 80 
100 79 
98 84 
100 83 
101 82 
96 83 
98 82 
102 80 
102 84 
102 84 
104 83 
95 82 
97 81 
97 85 
99 84 
106 84 
110 84 
109 82 
114 84 
108 81 
111 83 
113 82 
118 84 
106 80 
114 85 
112 81 
112 81 
112 85 
114 84 
115 83 
115 83 
117 82 
122 84 
110 80 
118 85 
124 81 
122 80 
90 84 
96 81 
95 77 
98 80 
101 83 
89 71 
101 74 
95 81 
88 80 
97 80 
83 78 
96 76 
101 78 
198 128 
196 157 
198 132 
196 161 
198 136 
196 165 
198 140 
196 169 
198 144 
198 148 
196 173 
198 152 
196 177 
198 156 
196 181 
198 160 
198 160 
198 164 
198 164 
200 135 
196 185 
200 139 
200 139 
198 168 
196 189 
198 168 
200 143 
200 143 
198 172 
198 172 
200 147 
195 105 
191 118 
196 117 
193 85 
190 110 
195 109 
187 82 
187 82 
176 80 
191 85 
160 84 
171 81 
176 84 
195 88 
195 92 
174 80 
174 84 
195 96 
195 100 
195 104 
195 108 
187 81 
195 112 
195 116 
195 120 
172 80 
172 80 
181 82 
195 124 
195 128 
197 91 
185 81 
177 81 
185 81 
197 95 
197 99 
197 103 
197 107 
197 111 
197 115 
197 119 
197 123 
197 127 
197 131 
197 135 
199 98 
197 139 
199 102 
199 102 
199 106 
199 106 
197 143 
199 110 
199 110 
197 147 
199 114 
199 114 
199 118 
199 118 
197 151 
199 122 
199 122 
197 155 
199 126 
197 159 
193 112 
190 84 
195 136 
196 91 
197 103 
196 101 
196 95 
195 140 
197 107 
200 105 
202 108 
202 112 
202 116 
202 120 
202 124 
202 128 
202 132 
202 136 
199 104 
202 140 
202 144 
202 148 
202 152 
204 111 
202 156 
204 115 
204 115 
204 119 
204 119 
203 107 
202 160 
204 123 
203 111 
202 164 
199 138 
201 101 
199 142 
195 102 
201 105 
199 146 
201 109 
200 97 
195 106 
199 150 
200 101 
200 101 
204 127 
204 127 
203 115 
203 119 
204 131 
204 131 
202 168 
203 123 
204 135 
204 135 
202 172 
203 127 
204 139 
204 139 
203 131 
204 143 
204 143 
202 176 
203 135 
204 147 
204 147 
202 180 
203 139 
204 151 
204 151 
203 143 
202 184 
204 155 
203 147 
201 113 
200 111 
204 159 
204 159 
200 115 
200 115 
206 114 
202 188 
203 151 
206 118 
206 118 
200 119 
200 119 
204 163 
204 163 
206 122 
202 192 
203 155 
205 110 
205 110 
200 123 
200 123 
204 167 
206 126 
206 126 
205 114 
205 114 
205 114 
203 159 
200 127 
200 127 
206 130 
206 130 
205 118 
205 118 
202 196 
204 171 
200 131 
200 131 
206 134 
203 163 
205 122 
205 122 
204 175 
206 138 
205 126 
205 126 
200 135 
200 135 
202 200 
197 103 
203 167 
205 130 
205 130 
206 142 
204 179 
200 139 
203 171 
205 134 
205 134 
206 146 
202 204 
200 143 
204 183 
205 138 
205 138 
206 150 
203 175 
202 106 
200 147 
205 142 
205 142 
206 154 
202 208 
204 187 
204 187 
203 179 
202 110 
205 146 
205 146 
205 146 
206 158 
206 158 
200 151 
202 114 
202 114 
202 114 
204 191 
204 195 
204 199 
204 203 
204 207 
204 211 
204 215 
206 194 
206 198 
206 198 
204 219 
206 202 
206 202 
202 202 
204 223 
206 206 
206 206 
202 206 
200 205 
199 204 
198 202 
206 210 
208 205 
208 209 
208 213 
208 217 
208 221 
208 225 
208 229 
210 208 
208 233 
210 212 
210 212 
210 216 
210 216 
208 237 
210 220 
208 241 
210 220 
210 224 
210 224 
208 245 
210 228 
210 228 
210 232 
210 232 
208 249 
212 211 
210 236 
210 236 
212 215 
212 219 
212 223 
212 227 
212 231 
212 235 
212 239 
214 218 
212 243 
214 222 
214 222 
212 247 
214 226 
214 226 
212 251 
214 230 
214 230 
214 234 
214 234 
212 255 
214 238 
212 259 
214 238 
214 242 
214 242 
214 246 
214 246 
212 263 
216 221 
214 250 
214 250 
216 225 
216 229 
216 233 
216 237 
216 241 
216 245 
216 249 
216 253 
218 228 
216 257 
218 232 
218 232 
218 236 
218 236 
216 261 
218 240 
216 265 
218 240 
218 244 
218 244 
218 248 
218 248 
216 269 
218 252 
216 273 
218 252 
218 256 
218 256 
218 260 
218 260 
216 277 
220 231 
220 235 
220 239 
220 243 
220 247 
220 251 
220 255 
220 259 
220 263 
220 267 
222 238 
220 271 
222 242 
222 242 
222 246 
222 246 
220 275 
222 250 
222 250 
222 254 
222 254 
220 279 
222 258 
220 283 
222 258 
222 262 
222 262 
222 266 
222 266 
220 287 
222 270 
222 270 
218 270 
218 274 
218 278 
218 282 
218 286 
218 290 
220 277 
220 281 
220 281 
218 294 
220 285 
220 285 
216 285 
218 298 
220 289 
220 289 
216 289 
216 289 
214 288 
213 287 
222 274 
218 302 
224 241 
220 293 
220 293 
216 293 
216 297 
216 301 
216 305 
218 300 
216 309 
218 304 
218 304 
218 308 
218 308 
214 308 
216 313 
220 303 
218 312 
218 312 
219 299 
220 307 
220 311 
220 315 
222 310 
220 319 
222 314 
222 314 
220 323 
222 318 
222 318 
224 313 
222 322 
222 322 
223 309 
220 327 
224 317 
224 321 
224 325 
226 320 
224 329 
226 324 
226 324 
224 333 
226 328 
226 328 
228 323 
226 332 
226 332 
224 337 
227 319 
228 327 
228 331 
228 335 
230 330 
228 339 
230 334 
230 334 
228 343 
230 338 
230 338 
230 342 
230 342 
232 333 
228 347 
231 329 
232 337 
232 341 
232 345 
232 349 
234 340 
234 344 
234 344 
232 353 
234 348 
234 348 
234 352 
234 352 
232 357 
236 343 
235 339 
236 347 
236 351 
236 355 
236 359 
238 350 
238 354 
238 354 
236 363 
238 358 
238 358 
236 367 
238 362 
238 362 
240 353 
238 366 
238 366 
240 357 
240 361 
240 365 
240 369 
242 360 
240 373 
242 364 
242 364 
242 368 
242 368 
240 377 
242 372 
242 372 
242 376 
242 376 
240 381 
244 363 
242 380 
242 380 
244 367 
244 371 
244 375 
244 379 
244 383 
246 370 
246 374 
246 374 
244 387 
246 378 
246 378 
246 382 
246 382 
246 386 
246 386 
246 390 
246 390 
244 391 
242 370 
248 373 
248 377 
248 381 
248 385 
248 389 
248 393 
248 397 
250 380 
250 384 
250 384 
250 388 
250 388 
250 392 
250 392 
250 396 
250 396 
